Cap_Size | Abs_Regret | Rel_Regret | MSE | MAE
---------------------------------------------------------
0.1      | 0.0022394730935145642 | 0.0033895029111671695 | 0.03384649008512497 | 0.1410181224346161
0.2      | 0.0022292506945786454 | 0.003374859701136346 | 0.03384649008512497 | 0.1410181224346161
0.25     | 0.002247350012088257 | 0.0034025268165018938 | 0.03384649008512497 | 0.1410181224346161
0.3      | 0.002252530012930961 | 0.0034105819275784903 | 0.03384649008512497 | 0.1410181224346161
0.4      | 0.0022533604579694946 | 0.003412135834760793 | 0.03384649008512497 | 0.1410181224346161
0.5      | 0.0022435029118402497 | 0.0033974294693683432 | 0.03384649008512497 | 0.1410181224346161
0.6      | 0.0022458820401903383 | 0.003401155621895247 | 0.03384649008512497 | 0.1410181224346161
0.7      | 0.0022395768483980173 | 0.003391770763290927 | 0.03384649008512497 | 0.1410181224346161
0.75     | 0.002238130440477044 | 0.003389660649208173 | 0.03384649008512497 | 0.1410181224346161
0.8      | 0.002234232234804809 | 0.0033837197460626677 | 0.03384649008512497 | 0.1410181224346161
0.9      | 0.0022305638530213754 | 0.003378247716562766 | 0.03384649008512497 | 0.1410181224346161
1.0      | 0.0022306059358128925 | 0.0033782404269787104 | 0.03384649008512497 | 0.1410181224346161
