Cap_Size | Abs_Regret | Rel_Regret | MSE | MAE
---------------------------------------------------------
0.1      | 0.005828719111435237 | 0.0037315594694271154 | 0.12003812938928604 | 0.27955660223960876
0.2      | 0.005828720043628582 | 0.003731560079550553 | 0.12003812938928604 | 0.27955660223960876
0.25     | 0.005828722599359521 | 0.0037315617366506363 | 0.12003812938928604 | 0.27955660223960876
0.3      | 0.0058287203665670405 | 0.003731560297813281 | 0.12003812938928604 | 0.27955660223960876
0.4      | 0.005828719750979751 | 0.003731559895422278 | 0.12003812938928604 | 0.27955660223960876
0.5      | 0.005828720861931354 | 0.003731560605951384 | 0.12003812938928604 | 0.27955660223960876
0.6      | 0.005828721856715738 | 0.0037315612710177417 | 0.12003812938928604 | 0.27955660223960876
0.7      | 0.005828720387874283 | 0.0037315603245632006 | 0.12003812938928604 | 0.27955660223960876
0.75     | 0.005828718646445103 | 0.003731559180378661 | 0.12003812938928604 | 0.27955660223960876
0.8      | 0.005828720744560552 | 0.003731560535600528 | 0.12003812938928604 | 0.27955660223960876
0.9      | 0.005828720763294164 | 0.0037315605468844003 | 0.12003812938928604 | 0.27955660223960876
1.0      | 0.005828719131389622 | 0.0037315595080469 | 0.12003812938928604 | 0.27955660223960876
