Cap_Size | Abs_Regret | Rel_Regret | MSE | MAE
---------------------------------------------------------
0.1      | 1288.2411844121675 | 0.047668256520990465 | 0.3551647961139679 | 0.48154720664024353
0.2      | 1288.2397758680122 | 0.047668218994214896 | 0.3551647961139679 | 0.48154720664024353
0.25     | 1288.239542182982 | 0.047668205091798595 | 0.3551647961139679 | 0.48154720664024353
0.3      | 1288.2391014191176 | 0.04766818851037572 | 0.3551647961139679 | 0.48154720664024353
0.4      | 1288.2422351280807 | 0.04766834643897269 | 0.3551647961139679 | 0.48154720664024353
0.5      | 1288.2425481770183 | 0.0476683737241752 | 0.3551647961139679 | 0.48154720664024353
0.6      | 1288.2396871563626 | 0.04766822689861407 | 0.3551647961139679 | 0.48154720664024353
0.7      | 1288.2402063555696 | 0.047668239723960455 | 0.3551647961139679 | 0.48154720664024353
0.75     | 1288.2444993078245 | 0.04766842882177876 | 0.3551647961139679 | 0.48154720664024353
0.8      | 1288.242238922456 | 0.04766834892214373 | 0.3551647961139679 | 0.48154720664024353
0.9      | 1288.2391161171502 | 0.047668175652711975 | 0.3551647961139679 | 0.48154720664024353
1.0      | 1288.2365582227899 | 0.04766805477465495 | 0.3551647961139679 | 0.48154720664024353
