Cap_Size | Abs_Regret | Rel_Regret | MSE | MAE
---------------------------------------------------------
0.1      | 0.0034399577518010446 | 0.0004756715917978672 | 0.0060256170108914375 | 0.05091505125164986
0.2      | 0.0033368445541636913 | 0.00046145668713486914 | 0.0060256170108914375 | 0.05091505125164986
0.25     | 0.00330328215084402 | 0.00045681590973988814 | 0.0060256170108914375 | 0.05091505125164986
0.3      | 0.0032856491886171916 | 0.0004543792012744114 | 0.0060256170108914375 | 0.05091505125164986
0.4      | 0.003258611609105783 | 0.00045063938986703603 | 0.0060256170108914375 | 0.05091505125164986
0.5      | 0.003238362176325175 | 0.0004478389360675629 | 0.0060256170108914375 | 0.05091505125164986
0.6      | 0.0032498051778348017 | 0.000449426462512994 | 0.0060256170108914375 | 0.05091505125164986
0.7      | 0.003281805093179952 | 0.0004538658756166324 | 0.0060256170108914375 | 0.05091505125164986
0.75     | 0.0032655326499488545 | 0.00045160771573360853 | 0.0060256170108914375 | 0.05091505125164986
0.8      | 0.0032939280662886796 | 0.00045554370201563517 | 0.0060256170108914375 | 0.05091505125164986
0.9      | 0.0032748688670336994 | 0.0004529029787109725 | 0.0060256170108914375 | 0.05091505125164986
1.0      | 0.0032819341068501488 | 0.0004538808139956351 | 0.0060256170108914375 | 0.05091505125164986
