Cap_Size | Abs_Regret | Rel_Regret | MSE | MAE
---------------------------------------------------------
0.1      | 162.54037098014277 | 0.04946159484449678 | 0.5567296743392944 | 0.6194135546684265
0.2      | 162.54060214070256 | 0.04946168334894683 | 0.5567296743392944 | 0.6194135546684265
0.25     | 162.54044772276265 | 0.049461612663642116 | 0.5567296743392944 | 0.6194135546684265
0.3      | 162.54065097499702 | 0.04946168610070951 | 0.5567296743392944 | 0.6194135546684265
0.4      | 162.54080867101672 | 0.04946178743366835 | 0.5567296743392944 | 0.6194135546684265
0.5      | 162.5408206962236 | 0.04946179439244028 | 0.5567296743392944 | 0.6194135546684265
0.6      | 162.54069822734016 | 0.049461719541921086 | 0.5567296743392944 | 0.6194135546684265
0.7      | 162.54037592527968 | 0.049461629646279114 | 0.5567296743392944 | 0.6194135546684265
0.75     | 162.5403809732851 | 0.04946163009154625 | 0.5567296743392944 | 0.6194135546684265
0.8      | 162.54037535601407 | 0.049461610649493476 | 0.5567296743392944 | 0.6194135546684265
0.9      | 162.54047227285216 | 0.049461633445406814 | 0.5567296743392944 | 0.6194135546684265
1.0      | 162.54030285273504 | 0.049461587403217246 | 0.5567296743392944 | 0.6194135546684265
