Cap_Size | Abs_Regret | Rel_Regret | MSE | MAE
---------------------------------------------------------
0.1      | 2406.169390734302 | 0.04998641600207882 | 0.09530776739120483 | 0.23162753880023956
0.2      | 2378.0236262263934 | 0.049288685887202754 | 0.09530776739120483 | 0.23162753880023956
0.25     | 2379.6538227881956 | 0.04927432057493468 | 0.09530776739120483 | 0.23162753880023956
0.3      | 2377.7909889726425 | 0.04922772502971589 | 0.09530776739120483 | 0.23162753880023956
0.4      | 2378.061390779941 | 0.0492169645637212 | 0.09530776739120483 | 0.23162753880023956
0.5      | 2375.1421952625265 | 0.04914527449940559 | 0.09530776739120483 | 0.23162753880023956
0.6      | 2377.734274618325 | 0.04920427929875632 | 0.09530776739120483 | 0.23162753880023956
0.7      | 2375.1208466169132 | 0.04912728793716315 | 0.09530776739120483 | 0.23162753880023956
0.75     | 2376.2643975002957 | 0.04917301846585544 | 0.09530776739120483 | 0.23162753880023956
0.8      | 2372.9365376363266 | 0.04910251577989649 | 0.09530776739120483 | 0.23162753880023956
0.9      | 2376.7133147151244 | 0.04917861286889916 | 0.09530776739120483 | 0.23162753880023956
1.0      | 2374.8847015775696 | 0.04914358169951174 | 0.09530776739120483 | 0.23162753880023956
